# y(x) [um]
0.000000000000000000e+00
-5.684409284428681985e-02
-1.130655419380559579e-01
-1.686659450917886716e-01
-2.236468770935999828e-01
-2.780098899547880364e-01
-3.317565131506512444e-01
-3.848882538564168954e-01
-4.374065971787786111e-01
-4.893130063826873766e-01
-5.406089231137656270e-01
-5.912957676163301812e-01
-6.413749389471661289e-01
-6.908478151850516724e-01
-7.397157536361191887e-01
-7.879800910352656729e-01
-8.356421437435130883e-01
-8.827032079414038890e-01
-9.291645598187443511e-01
-9.750274557603404446e-01
-1.020293132528252045e+00
-1.064962807440252845e+00
-1.109037678544851246e+00
-1.152518924792659050e+00
-1.195407706204449028e+00
-1.237705164035716621e+00
-1.279412420938001560e+00
-1.320530581116869939e+00
-1.361060730486670423e+00
-1.401003936822206697e+00
-1.440361249907155639e+00
-1.479133701679600676e+00
-1.517322306374310870e+00
-1.554928060662348344e+00
-1.591951943787506707e+00
-1.628394917699921507e+00
-1.664257927187037467e+00
-1.699541900001491967e+00
-1.734247746986497418e+00
-1.768376362198395668e+00
-1.801928623026583409e+00
-1.834905390310836992e+00
-1.867307508455965603e+00
-1.899135805544005962e+00
-1.930391093443859063e+00
-1.961074167918482658e+00
-1.991185808729539986e+00
-2.020726779739803192e+00
-2.049697829012998795e+00
-2.078099688911436260e+00
-2.105933076191234932e+00
-2.133198692095348292e+00
-2.159897222444200793e+00
-2.186029337724235688e+00
-2.211595693174174926e+00
-2.236596928869118983e+00
-2.261033669802500867e+00
-2.284906525965865853e+00
-2.308216092426690125e+00
-2.330962949403883044e+00
-2.353147662341513069e+00
-2.374770781980288348e+00
-2.395832844427062014e+00
-2.416334371222461641e+00
-2.436275869406443917e+00
-2.455657831581845585e+00
-2.474480735976172241e+00
-2.492745046501340767e+00
-2.510451212811517507e+00
-2.527599670359180095e+00
-2.544190840449246593e+00
-2.560225130291314599e+00
-2.575702933050195043e+00
-2.590624627894456466e+00
-2.604990580043349269e+00
-2.618801140811825690e+00
-2.632056647653769232e+00
-2.644757424203575624e+00
-2.656903780315829522e+00
-2.668496012103375392e+00
-2.679534401973555191e+00
-2.690019218662797584e+00
-2.699950717269501865e+00
-2.709329139285102883e+00
-2.718154712623658043e+00
-2.726427651649515838e+00
-2.734148157203478036e+00
-2.741316416627213925e+00
-2.747932603786097161e+00
-2.753996879090223615e+00
-2.759509389513993938e+00
-2.764470268613891335e+00
-2.768879636544696154e+00
-2.772737600074009379e+00
-2.776044252595269768e+00
-2.778799674138994646e+00
-2.781003931382500127e+00
-2.782657077657930245e+00
-2.783759152958808158e+00
-2.784310183944725736e+00
-2.784310183944725736e+00
-2.783759152958808158e+00
-2.782657077657930245e+00
-2.781003931382500127e+00
-2.778799674138994646e+00
-2.776044252595269768e+00
-2.772737600074009379e+00
-2.768879636544696154e+00
-2.764470268613891335e+00
-2.759509389513993938e+00
-2.753996879090223615e+00
-2.747932603786097161e+00
-2.741316416627213925e+00
-2.734148157203478036e+00
-2.726427651649515838e+00
-2.718154712623658043e+00
-2.709329139285102883e+00
-2.699950717269501865e+00
-2.690019218662797584e+00
-2.679534401973555191e+00
-2.668496012103375392e+00
-2.656903780315829522e+00
-2.644757424203575624e+00
-2.632056647653769232e+00
-2.618801140811825690e+00
-2.604990580043349269e+00
-2.590624627894456466e+00
-2.575702933050195043e+00
-2.560225130291314599e+00
-2.544190840449246593e+00
-2.527599670359180095e+00
-2.510451212811517507e+00
-2.492745046501340767e+00
-2.474480735976172241e+00
-2.455657831581845585e+00
-2.436275869406443917e+00
-2.416334371222461641e+00
-2.395832844427062014e+00
-2.374770781980274137e+00
-2.353147662341513069e+00
-2.330962949403883044e+00
-2.308216092426690125e+00
-2.284906525965865853e+00
-2.261033669802500867e+00
-2.236596928869118983e+00
-2.211595693174174926e+00
-2.186029337724235688e+00
-2.159897222444200793e+00
-2.133198692095334081e+00
-2.105933076191234932e+00
-2.078099688911436260e+00
-2.049697829012998795e+00
-2.020726779739803192e+00
-1.991185808729539986e+00
-1.961074167918482658e+00
-1.930391093443859063e+00
-1.899135805544005962e+00
-1.867307508455965603e+00
-1.834905390310836992e+00
-1.801928623026583409e+00
-1.768376362198395668e+00
-1.734247746986497418e+00
-1.699541900001491967e+00
-1.664257927187037467e+00
-1.628394917699921507e+00
-1.591951943787506707e+00
-1.554928060662348344e+00
-1.517322306374310870e+00
-1.479133701679600676e+00
-1.440361249907155639e+00
-1.401003936822206697e+00
-1.361060730486670423e+00
-1.320530581116869939e+00
-1.279412420938001560e+00
-1.237705164035716621e+00
-1.195407706204449028e+00
-1.152518924792659050e+00
-1.109037678544851246e+00
-1.064962807440252845e+00
-1.020293132528252045e+00
-9.750274557603404446e-01
-9.291645598187443511e-01
-8.827032079414038890e-01
-8.356421437435130883e-01
-7.879800910352656729e-01
-7.397157536361191887e-01
-6.908478151850516724e-01
-6.413749389471661289e-01
-5.912957676163301812e-01
-5.406089231137656270e-01
-4.893130063826873766e-01
-4.374065971787786111e-01
-3.848882538564168954e-01
-3.317565131506512444e-01
-2.780098899547880364e-01
-2.236468770935999828e-01
-1.686659450917744607e-01
-1.130655419380559579e-01
-5.684409284428681985e-02
0.000000000000000000e+00
