# y(x) [um]
0.000000000000000000e+00
-4.028437682993057933e-02
-8.015051308854026502e-02
-1.195987631857065026e-01
-1.586294774220391446e-01
-1.972430020054218858e-01
-2.354396790665020944e-01
-2.732198466746638132e-01
-3.105838388532049521e-01
-3.475319855948555414e-01
-3.840646128766138645e-01
-4.201820426746678550e-01
-4.558845929789470119e-01
-4.911725778075890503e-01
-5.260463072211791768e-01
-5.605060873366483065e-01
-5.945522203411996998e-01
-6.281850045058376963e-01
-6.614047341987827622e-01
-6.942116998987444276e-01
-7.266061882078531653e-01
-7.585884818645922678e-01
-7.901588597563602434e-01
-8.213175969319195246e-01
-8.520649646136462252e-01
-8.824012302096093663e-01
-9.123266573255079948e-01
-9.418415057762672404e-01
-9.709460315975775302e-01
-9.996404870572632717e-01
-1.027925120666395742e+00
-1.055800177190235445e+00
-1.083265897659089205e+00
-1.110322519378797779e+00
-1.136970275941337150e+00
-1.163209397234851394e+00
-1.189040109453969762e+00
-1.214462635109526900e+00
-1.239477193038339919e+00
-1.264083998412814935e+00
-1.288283262750326230e+00
-1.312075193922339622e+00
-1.335459996163621099e+00
-1.358437870080990706e+00
-1.381009012662076429e+00
-1.403173617283812291e+00
-1.424931873720964859e+00
-1.446283968154148170e+00
-1.467230083178037603e+00
-1.487770397809185852e+00
-1.507905087493782048e+00
-1.527634324115183517e+00
-1.546958276001305421e+00
-1.565877107931953560e+00
-1.584390981145816113e+00
-1.602500053347483799e+00
-1.620204478714100560e+00
-1.637504407902099501e+00
-1.654399988053540937e+00
-1.670891362802507274e+00
-1.686978672281242098e+00
-1.702662053126118735e+00
-1.717941638483381439e+00
-1.732817558015028681e+00
-1.747289937904213275e+00
-1.761358900860614085e+00
-1.775024566125722458e+00
-1.788287049477844448e+00
-1.801146463237188300e+00
-1.813602916270411924e+00
-1.825656513995426167e+00
-1.837307358385743328e+00
-1.848555547974939373e+00
-1.859401177860746657e+00
-1.869844339709089809e+00
-1.879885121757979505e+00
-1.889523608821292555e+00
-1.898759882292267775e+00
-1.907594020147058700e+00
-1.916026096947916812e+00
-1.924056183846488466e+00
-1.931684348586685473e+00
-1.938910655507584124e+00
-1.945735165546267353e+00
-1.952157936240126901e+00
-1.958179021729591796e+00
-1.963798472760174718e+00
-1.969016336684774160e+00
-1.973832657465607099e+00
-1.978247475676056411e+00
-1.982260828502347749e+00
-1.985872749745226429e+00
-1.989083269821236399e+00
-1.991892415764141333e+00
-1.994300211225947805e+00
-1.996306676478042164e+00
-1.997911828411815804e+00
-1.999115680539603090e+00
-1.999918242995164519e+00
-2.000319522534084626e+00
-2.000319522534084626e+00
-1.999918242995164519e+00
-1.999115680539603090e+00
-1.997911828411815804e+00
-1.996306676478042164e+00
-1.994300211225947805e+00
-1.991892415764141333e+00
-1.989083269821236399e+00
-1.985872749745226429e+00
-1.982260828502347749e+00
-1.978247475676056411e+00
-1.973832657465607099e+00
-1.969016336684774160e+00
-1.963798472760174718e+00
-1.958179021729591796e+00
-1.952157936240126901e+00
-1.945735165546267353e+00
-1.938910655507612546e+00
-1.931684348586685473e+00
-1.924056183846488466e+00
-1.916026096947916812e+00
-1.907594020147058700e+00
-1.898759882292267775e+00
-1.889523608821292555e+00
-1.879885121757979505e+00
-1.869844339709089809e+00
-1.859401177860746657e+00
-1.848555547974939373e+00
-1.837307358385743328e+00
-1.825656513995426167e+00
-1.813602916270411924e+00
-1.801146463237188300e+00
-1.788287049477844448e+00
-1.775024566125722458e+00
-1.761358900860614085e+00
-1.747289937904213275e+00
-1.732817558015028681e+00
-1.717941638483381439e+00
-1.702662053126118735e+00
-1.686978672281242098e+00
-1.670891362802507274e+00
-1.654399988053540937e+00
-1.637504407902099501e+00
-1.620204478714100560e+00
-1.602500053347483799e+00
-1.584390981145816113e+00
-1.565877107931953560e+00
-1.546958276001305421e+00
-1.527634324115183517e+00
-1.507905087493782048e+00
-1.487770397809185852e+00
-1.467230083178037603e+00
-1.446283968154148170e+00
-1.424931873720964859e+00
-1.403173617283812291e+00
-1.381009012662076429e+00
-1.358437870080990706e+00
-1.335459996163621099e+00
-1.312075193922339622e+00
-1.288283262750326230e+00
-1.264083998412814935e+00
-1.239477193038339919e+00
-1.214462635109526900e+00
-1.189040109453969762e+00
-1.163209397234879816e+00
-1.136970275941337150e+00
-1.110322519378797779e+00
-1.083265897659089205e+00
-1.055800177190235445e+00
-1.027925120666395742e+00
-9.996404870572632717e-01
-9.709460315975775302e-01
-9.418415057762672404e-01
-9.123266573255079948e-01
-8.824012302096093663e-01
-8.520649646136462252e-01
-8.213175969319195246e-01
-7.901588597563602434e-01
-7.585884818645922678e-01
-7.266061882078531653e-01
-6.942116998987444276e-01
-6.614047341987827622e-01
-6.281850045058376963e-01
-5.945522203411996998e-01
-5.605060873366483065e-01
-5.260463072211791768e-01
-4.911725778075890503e-01
-4.558845929789470119e-01
-4.201820426746678550e-01
-3.840646128766138645e-01
-3.475319855948555414e-01
-3.105838388532049521e-01
-2.732198466746638132e-01
-2.354396790665020944e-01
-1.972430020054218858e-01
-1.586294774220391446e-01
-1.195987631857065026e-01
-8.015051308854026502e-02
-4.028437682993057933e-02
0.000000000000000000e+00
