# y(x) [um]
0.000000000000000000e+00
-8.689205420326118201e-02
-1.726234973332303468e-01
-2.572056496638310819e-01
-3.406495358905310411e-01
-4.229658945941316972e-01
-5.041651872972110482e-01
-5.842576071342335808e-01
-6.632530871549384699e-01
-7.411613082795618368e-01
-8.179917069232622850e-01
-8.937534823061135114e-01
-9.684556034640756650e-01
-1.042106815975468947e+00
-1.114715648416659377e+00
-1.186290418559750037e+00
-1.256839239324605728e+00
-1.326370024496554834e+00
-1.394890494220724975e+00
-1.462408180283194525e+00
-1.528930431188705086e+00
-1.594464417044040516e+00
-1.659017134255812209e+00
-1.722595410050814735e+00
-1.785205906826739408e+00
-1.846855126340607001e+00
-1.907549413741914890e+00
-1.967294961457117353e+00
-2.026097812931674014e+00
-2.083963866235723827e+00
-2.140898877538912615e+00
-2.196908464459866650e+00
-2.251998109295342942e+00
-2.306173162133923427e+00
-2.359438843858868040e+00
-2.411800249044535605e+00
-2.463262348750479447e+00
-2.513829993217271408e+00
-2.563507914467756166e+00
-2.612300728817388062e+00
-2.660212939297053936e+00
-2.707248937991646898e+00
-2.753413008297499687e+00
-2.798709327101679634e+00
-2.843141966885891492e+00
-2.886714897757801879e+00
-2.929431989412236703e+00
-2.971297013024791767e+00
-3.012313643080162251e+00
-3.052485459137439960e+00
-3.091815947534495734e+00
-3.130308503033500500e+00
-3.167966430409528300e+00
-3.204792945984085151e+00
-3.240791179105375619e+00
-3.275964173576934257e+00
-3.310314889036327202e+00
-3.343846202285405411e+00
-3.376560908573598141e+00
-3.408461722835717467e+00
-3.439551280885513762e+00
-3.469832140566378342e+00
-3.499306782860376330e+00
-3.527977612956764375e+00
-3.555846961281176277e+00
-3.582917084486481940e+00
-3.609190166406417433e+00
-3.634668318972881451e+00
-3.659353583097903595e+00
-3.683247929521140662e+00
-3.706353259623750063e+00
-3.728671406209453920e+00
-3.750204134253589672e+00
-3.770953141620800864e+00
-3.790920059752213689e+00
-3.810106454322585989e+00
-3.828513825868217424e+00
-3.846143610386121736e+00
-3.862997179905065082e+00
-3.879075843029038850e+00
-3.894380845453596862e+00
-3.908913370455646685e+00
-3.922674539357050350e+00
-3.935665411962538940e+00
-3.947886986972299894e+00
-3.959340202369638462e+00
-3.970025935784057936e+00
-3.979945004830085509e+00
-3.989098167422163499e+00
-3.997486122065900815e+00
-4.005109508125897833e+00
-4.011968906070439544e+00
-4.018064837693266611e+00
-4.023397766312587720e+00
-4.027968096947546428e+00
-4.031776176472302353e+00
-4.034822293747804878e+00
-4.037106679731508052e+00
-4.038629507564916565e+00
-4.039390892639268316e+00
-4.039390892639268316e+00
-4.038629507564916565e+00
-4.037106679731508052e+00
-4.034822293747804878e+00
-4.031776176472302353e+00
-4.027968096947546428e+00
-4.023397766312587720e+00
-4.018064837693266611e+00
-4.011968906070439544e+00
-4.005109508125897833e+00
-3.997486122065900815e+00
-3.989098167422163499e+00
-3.979945004830085509e+00
-3.970025935784057936e+00
-3.959340202369642014e+00
-3.947886986972299894e+00
-3.935665411962538940e+00
-3.922674539357050350e+00
-3.908913370455646685e+00
-3.894380845453596862e+00
-3.879075843029038850e+00
-3.862997179905065082e+00
-3.846143610386121736e+00
-3.828513825868217424e+00
-3.810106454322585989e+00
-3.790920059752213689e+00
-3.770953141620800864e+00
-3.750204134253589672e+00
-3.728671406209453920e+00
-3.706353259623750063e+00
-3.683247929521140662e+00
-3.659353583097903595e+00
-3.634668318972881451e+00
-3.609190166406417433e+00
-3.582917084486481940e+00
-3.555846961281176277e+00
-3.527977612956764375e+00
-3.499306782860376330e+00
-3.469832140566378342e+00
-3.439551280885513762e+00
-3.408461722835717467e+00
-3.376560908573598141e+00
-3.343846202285405411e+00
-3.310314889036327202e+00
-3.275964173576934257e+00
-3.240791179105375619e+00
-3.204792945984085151e+00
-3.167966430409528300e+00
-3.130308503033500500e+00
-3.091815947534495734e+00
-3.052485459137439960e+00
-3.012313643080162251e+00
-2.971297013024791767e+00
-2.929431989412236703e+00
-2.886714897757805431e+00
-2.843141966885891492e+00
-2.798709327101679634e+00
-2.753413008297503239e+00
-2.707248937991646898e+00
-2.660212939297053936e+00
-2.612300728817388062e+00
-2.563507914467756166e+00
-2.513829993217271408e+00
-2.463262348750479447e+00
-2.411800249044535605e+00
-2.359438843858868040e+00
-2.306173162133923427e+00
-2.251998109295346495e+00
-2.196908464459866650e+00
-2.140898877538912615e+00
-2.083963866235723827e+00
-2.026097812931674014e+00
-1.967294961457117353e+00
-1.907549413741918443e+00
-1.846855126340607001e+00
-1.785205906826739408e+00
-1.722595410050814735e+00
-1.659017134255812209e+00
-1.594464417044040516e+00
-1.528930431188708639e+00
-1.462408180283194525e+00
-1.394890494220724975e+00
-1.326370024496554834e+00
-1.256839239324605728e+00
-1.186290418559750037e+00
-1.114715648416659377e+00
-1.042106815975472500e+00
-9.684556034640756650e-01
-8.937534823061135114e-01
-8.179917069232658378e-01
-7.411613082795618368e-01
-6.632530871549384699e-01
-5.842576071342335808e-01
-5.041651872972110482e-01
-4.229658945941316972e-01
-3.406495358905345938e-01
-2.572056496638346346e-01
-1.726234973332338996e-01
-8.689205420326118201e-02
0.000000000000000000e+00
